100 1000
762 539 1
352 542 1
133 720 1
860 17 1
748 936 1
279 201 1
314 589 1
268 578 1
665 508 1
774 581 1
983 588 1
271 297 1
926 972 1
474 112 1
168 753 1
945 929 1
292 648 1
822 776 1
720 681 1
144 467 1
968 775 1
19 282 1
363 286 1
211 379 1
145 337 1
960 479 1
924 582 1
127 201 1
553 600 1
312 720 1
705 608 1
1000 348 1
608 821 1
123 327 1
853 267 1
145 821 1
393 163 1
454 755 1
448 16 1
485 945 1
704 796 1
423 980 1
377 550 1
180 930 1
501 844 1
1 205 1
803 353 1
552 410 1
525 27 1
736 730 1
645 232 1
902 37 1
394 707 1
791 194 1
722 275 1
138 778 1
71 912 1
757 447 1
813 936 1
728 314 1
131 81 1
870 934 1
785 774 1
343 309 1
800 431 1
38 444 1
662 939 1
480 408 1
645 622 1
601 719 1
248 738 1
848 318 1
1 604 1
117 814 1
891 196 1
479 22 1
628 348 1
955 412 1
473 649 1
721 272 1
431 110 1
715 445 1
401 546 1
852 45 1
167 452 1
115 415 1
541 962 1
84 541 1
917 552 1
706 808 1
100 184 1
829 727 1
884 135 1
139 356 1
135 211 1
980 566 1
672 694 1
10 72 1
592 861 1
469 758 1
1000
1 4000
1 4000
1 4000
1 4000
1 4000
1 4000
1 4000
1 4000
1 4000
1 4000
1 4000
1 4000
1 4000
1 4000
1 4000
1 4000
1 4000
1 4000
1 4000
1 4000
1 4000
1 4000
1 4000
1 4000
1 4000
1 4000
1 4000
1 4000
1 4000
1 4000
1 4000
1 4000
1 4000
1 4000
1 4000
1 4000
1 4000
1 4000
1 4000
1 4000
1 4000
1 4000
1 4000
1 4000
1 4000
1 4000
1 4000
1 4000
1 4000
1 4000
1 4000
1 4000
1 4000
1 4000
1 4000
1 4000
1 4000
1 4000
1 4000
1 4000
1 4000
1 4000
1 4000
1 4000
1 4000
1 4000
1 4000
1 4000
1 4000
1 4000
1 4000
1 4000
1 4000
1 4000
1 4000
1 4000
1 4000
1 4000
1 4000
1 4000
1 4000
1 4000
1 4000
1 4000
1 4000
1 4000
1 4000
1 4000
1 4000
1 4000
1 4000
1 4000
1 4000
1 4000
1 4000
1 4000
1 4000
1 4000
1 4000
1 4000
1 4000
1 4000
1 4000
1 4000
1 4000
1 4000
1 4000
1 4000
1 4000
1 4000
1 4000
1 4000
1 4000
1 4000
1 4000
1 4000
1 4000
1 4000
1 4000
1 4000
1 4000
1 4000
1 4000
1 4000
1 4000
1 4000
1 4000
1 4000
1 4000
1 4000
1 4000
1 4000
1 4000
1 4000
1 4000
1 4000
1 4000
1 4000
1 4000
1 4000
1 4000
1 4000
1 4000
1 4000
1 4000
1 4000
1 4000
1 4000
1 4000
1 4000
1 4000
1 4000
1 4000
1 4000
1 4000
1 4000
1 4000
1 4000
1 4000
1 4000
1 4000
1 4000
1 4000
1 4000
1 4000
1 4000
1 4000
1 4000
1 4000
1 4000
1 4000
1 4000
1 4000
1 4000
1 4000
1 4000
1 4000
1 4000
1 4000
1 4000
1 4000
1 4000
1 4000
1 4000
1 4000
1 4000
1 4000
1 4000
1 4000
1 4000
1 4000
1 4000
1 4000
1 4000
1 4000
1 4000
1 4000
1 4000
1 4000
1 4000
1 4000
1 4000
1 4000
1 4000
1 4000
1 4000
1 4000
1 4000
1 4000
1 4000
1 4000
1 4000
1 4000
1 4000
1 4000
1 4000
1 4000
1 4000
1 4000
1 4000
1 4000
1 4000
1 4000
1 4000
1 4000
1 4000
1 4000
1 4000
1 4000
1 4000
1 4000
1 4000
1 4000
1 4000
1 4000
1 4000
1 4000
1 4000
1 4000
1 4000
1 4000
1 4000
1 4000
1 4000
1 4000
1 4000
1 4000
1 4000
1 4000
1 4000
1 4000
1 4000
1 4000
1 4000
1 4000
1 4000
1 4000
1 4000
1 4000
1 4000
1 4000
1 4000
1 4000
1 4000
1 4000
1 4000
1 4000
1 4000
1 4000
1 4000
1 4000
1 4000
1 4000
1 4000
1 4000
1 4000
1 4000
1 4000
1 4000
1 4000
1 4000
1 4000
1 4000
1 4000
1 4000
1 4000
1 4000
1 4000
1 4000
1 4000
1 4000
1 4000
1 4000
1 4000
1 4000
1 4000
1 4000
1 4000
1 4000
1 4000
1 4000
1 4000
1 4000
1 4000
1 4000
1 4000
1 4000
1 4000
1 4000
1 4000
1 4000
1 4000
1 4000
1 4000
1 4000
1 4000
1 4000
1 4000
1 4000
1 4000
1 4000
1 4000
1 4000
1 4000
1 4000
1 4000
1 4000
1 4000
1 4000
1 4000
1 4000
1 4000
1 4000
1 4000
1 4000
1 4000
1 4000
1 4000
1 4000
1 4000
1 4000
1 4000
1 4000
1 4000
1 4000
1 4000
1 4000
1 4000
1 4000
1 4000
1 4000
1 4000
1 4000
1 4000
1 4000
1 4000
1 4000
1 4000
1 4000
1 4000
1 4000
1 4000
1 4000
1 4000
1 4000
1 4000
1 4000
1 4000
1 4000
1 4000
1 4000
1 4000
1 4000
1 4000
1 4000
1 4000
1 4000
1 4000
1 4000
1 4000
1 4000
1 4000
1 4000
1 4000
1 4000
1 4000
1 4000
1 4000
1 4000
1 4000
1 4000
1 4000
1 4000
1 4000
1 4000
1 4000
1 4000
1 4000
1 4000
1 4000
1 4000
1 4000
1 4000
1 4000
1 4000
1 4000
1 4000
1 4000
1 4000
1 4000
1 4000
1 4000
1 4000
1 4000
1 4000
1 4000
1 4000
1 4000
1 4000
1 4000
1 4000
1 4000
1 4000
1 4000
1 4000
1 4000
1 4000
1 4000
1 4000
1 4000
1 4000
1 4000
1 4000
1 4000
1 4000
1 4000
1 4000
1 4000
1 4000
1 4000
1 4000
1 4000
1 4000
1 4000
1 4000
1 4000
1 4000
1 4000
1 4000
1 4000
1 4000
1 4000
1 4000
1 4000
1 4000
1 4000
1 4000
1 4000
1 4000
1 4000
1 4000
1 4000
1 4000
1 4000
1 4000
1 4000
1 4000
1 4000
1 4000
1 4000
1 4000
1 4000
1 4000
1 4000
1 4000
1 4000
1 4000
1 4000
1 4000
1 4000
1 4000
1 4000
1 4000
1 4000
1 4000
1 4000
1 4000
1 4000
1 4000
1 4000
1 4000
1 4000
1 4000
1 4000
1 4000
1 4000
1 4000
1 4000
1 4000
1 4000
1 4000
1 4000
1 4000
1 4000
1 4000
1 4000
1 4000
1 4000
1 4000
1 4000
1 4000
1 4000
1 4000
1 4000
1 4000
1 4000
1 4000
1 4000
1 4000
1 4000
1 4000
1 4000
1 4000
1 4000
1 4000
1 4000
1 4000
1 4000
1 4000
1 4000
1 4000
1 4000
1 4000
1 4000
1 4000
1 4000
1 4000
1 4000
1 4000
1 4000
1 4000
1 4000
1 4000
1 4000
1 4000
1 4000
1 4000
1 4000
1 4000
1 4000
1 4000
1 4000
1 4000
1 4000
1 4000
1 4000
1 4000
1 4000
1 4000
1 4000
1 4000
1 4000
1 4000
1 4000
1 4000
1 4000
1 4000
1 4000
1 4000
1 4000
1 4000
1 4000
1 4000
1 4000
1 4000
1 4000
1 4000
1 4000
1 4000
1 4000
1 4000
1 4000
1 4000
1 4000
1 4000
1 4000
1 4000
1 4000
1 4000
1 4000
1 4000
1 4000
1 4000
1 4000
1 4000
1 4000
1 4000
1 4000
1 4000
1 4000
1 4000
1 4000
1 4000
1 4000
1 4000
1 4000
1 4000
1 4000
1 4000
1 4000
1 4000
1 4000
1 4000
1 4000
1 4000
1 4000
1 4000
1 4000
1 4000
1 4000
1 4000
1 4000
1 4000
1 4000
1 4000
1 4000
1 4000
1 4000
1 4000
1 4000
1 4000
1 4000
1 4000
1 4000
1 4000
1 4000
1 4000
1 4000
1 4000
1 4000
1 4000
1 4000
1 4000
1 4000
1 4000
1 4000
1 4000
1 4000
1 4000
1 4000
1 4000
1 4000
1 4000
1 4000
1 4000
1 4000
1 4000
1 4000
1 4000
1 4000
1 4000
1 4000
1 4000
1 4000
1 4000
1 4000
1 4000
1 4000
1 4000
1 4000
1 4000
1 4000
1 4000
1 4000
1 4000
1 4000
1 4000
1 4000
1 4000
1 4000
1 4000
1 4000
1 4000
1 4000
1 4000
1 4000
1 4000
1 4000
1 4000
1 4000
1 4000
1 4000
1 4000
1 4000
1 4000
1 4000
1 4000
1 4000
1 4000
1 4000
1 4000
1 4000
1 4000
1 4000
1 4000
1 4000
1 4000
1 4000
1 4000
1 4000
1 4000
1 4000
1 4000
1 4000
1 4000
1 4000
1 4000
1 4000
1 4000
1 4000
1 4000
1 4000
1 4000
1 4000
1 4000
1 4000
1 4000
1 4000
1 4000
1 4000
1 4000
1 4000
1 4000
1 4000
1 4000
1 4000
1 4000
1 4000
1 4000
1 4000
1 4000
1 4000
1 4000
1 4000
1 4000
1 4000
1 4000
1 4000
1 4000
1 4000
1 4000
1 4000
1 4000
1 4000
1 4000
1 4000
1 4000
1 4000
1 4000
1 4000
1 4000
1 4000
1 4000
1 4000
1 4000
1 4000
1 4000
1 4000
1 4000
1 4000
1 4000
1 4000
1 4000
1 4000
1 4000
1 4000
1 4000
1 4000
1 4000
1 4000
1 4000
1 4000
1 4000
1 4000
1 4000
1 4000
1 4000
1 4000
1 4000
1 4000
1 4000
1 4000
1 4000
1 4000
1 4000
1 4000
1 4000
1 4000
1 4000
1 4000
1 4000
1 4000
1 4000
1 4000
1 4000
1 4000
1 4000
1 4000
1 4000
1 4000
1 4000
1 4000
1 4000
1 4000
1 4000
1 4000
1 4000
1 4000
1 4000
1 4000
1 4000
1 4000
1 4000
1 4000
1 4000
1 4000
1 4000
1 4000
1 4000
1 4000
1 4000
1 4000
1 4000
1 4000
1 4000
1 4000
1 4000
1 4000
1 4000
1 4000
1 4000
1 4000
1 4000
1 4000
1 4000
1 4000
1 4000
1 4000
1 4000
1 4000
1 4000
1 4000
1 4000
1 4000
1 4000
1 4000
1 4000
1 4000
1 4000
1 4000
1 4000
1 4000
1 4000
1 4000
1 4000
1 4000
1 4000
1 4000
1 4000
1 4000
1 4000
1 4000
1 4000
1 4000
1 4000
1 4000
1 4000
1 4000
1 4000
1 4000
1 4000
1 4000
1 4000
1 4000
1 4000
1 4000
1 4000
1 4000
1 4000
1 4000
1 4000
1 4000
1 4000
1 4000
1 4000
1 4000
1 4000
1 4000
1 4000
1 4000
1 4000
1 4000
1 4000
1 4000
1 4000
1 4000
1 4000
1 4000
1 4000
1 4000
1 4000
1 4000
1 4000
1 4000
1 4000
1 4000
1 4000
1 4000
1 4000
1 4000
1 4000
1 4000
1 4000
1 4000
1 4000
1 4000
1 4000
1 4000
1 4000
1 4000
1 4000
1 4000
1 4000
1 4000
1 4000
1 4000
1 4000
1 4000
1 4000
1 4000
1 4000
1 4000
1 4000
1 4000
1 4000
1 4000
1 4000
1 4000
1 4000
1 4000
1 4000
1 4000
1 4000
1 4000
1 4000
1 4000
1 4000
1 4000
1 4000
1 4000
1 4000
1 4000
1 4000
1 4000
1 4000
1 4000
1 4000
1 4000
1 4000
1 4000
1 4000
1 4000
1 4000
1 4000
1 4000
1 4000
1 4000
1 4000
1 4000
1 4000
1 4000
1 4000
1 4000
1 4000
1 4000
1 4000
1 4000
1 4000
1 4000
1 4000
1 4000
1 4000
1 4000
1 4000
1 4000
1 4000
1 4000
1 4000
1 4000
1 4000
