91 9529
493 247 9360
1494 951 8943
1767 1139 8153
817 164 8985
1950 941 7777
306 114 8211
1182 1074 8522
228 1518 8976
436 1461 8219
220 423 9424
1712 1592 7330
940 982 7368
751 1904 9394
66 77 8755
1686 622 9689
1022 44 7773
662 919 9939
851 1127 8613
1653 799 9122
607 1172 7118
949 1189 8201
1500 1455 8532
766 1627 9785
1614 623 8720
841 1174 7452
786 661 7197
312 1548 9211
321 569 9295
139 641 9735
17 1206 8738
1709 1240 9492
1236 1299 9453
458 371 9872
1747 272 8008
531 679 7909
1262 1777 8663
1500 654 8366
772 1062 8651
29 791 8437
629 1607 9765
6 321 8326
1749 1903 9445
1089 1774 8107
1109 528 9714
986 953 8254
1102 1460 9060
1339 942 9800
1197 207 9940
449 1991 9110
921 1929 8754
322 1535 9250
1898 1354 7085
586 323 8948
1131 812 8715
1321 1481 8495
6 1075 8803
1234 81 8648
1046 1484 7562
1977 1137 7951
1427 1673 7004
1540 1426 8688
1933 1772 8556
1486 197 7437
1604 400 9550
386 1166 7140
502 89 8120
1487 954 8223
988 284 9901
1189 1184 7877
1862 89 7126
402 405 9989
443 660 8916
882 930 9946
1993 148 7415
1712 1480 9286
53 1013 7969
1150 249 9971
1840 1991 7917
421 175 8882
421 1252 8436
20 803 8121
143 1255 8300
1707 106 9691
1729 1097 7352
1892 351 9606
1415 611 7976
488 349 9013
430 456 8332
271 1853 7834
1264 1022 9560
1429 838 9313
978
9186 3819
1104 3959
9751 3698
8795 3210
6592 3965
1941 3393
5019 3738
9629 3615
5021 3533
346 3936
2084 3730
6207 3090
9597 3074
3855 3051
8183 3623
9411 3723
4312 3467
2025 3467
8622 3246
655 3174
1224 3719
3520 3223
3334 3261
2718 3195
4830 3230
4530 3504
9681 3143
9584 3702
1149 3245
7886 3573
8276 3780
9926 3416
285 3390
8601 3409
5673 3726
9607 3732
5849 3005
8413 3216
1151 3069
9966 3019
8034 3341
2277 3958
7589 3340
825 3073
3994 3921
9410 3431
915 3570
3579 3518
1257 3627
6905 3992
4705 3698
7931 3309
8620 3185
659 3141
5053 3907
1028 3400
3281 3275
6555 3120
7834 3441
1763 3666
3772 3214
2980 3393
4524 3218
9804 3227
1445 3188
1265 3584
5965 3306
7013 3872
8823 3889
8090 3764
2538 3175
6808 3729
355 3944
5822 3744
6118 3918
4405 3721
651 3508
6939 3385
3974 3228
7134 3361
7895 3119
5335 3786
8916 3886
1178 3934
8580 3486
6795 3176
8621 3321
9011 3710
9103 3227
5091 3973
5667 3130
7096 3023
399 3154
7888 3033
6123 3296
1516 3280
489 3437
2726 3589
2240 3821
3861 3853
73 3080
6654 3998
9230 3449
2285 3591
2208 3510
405 3416
616 3559
1124 3970
7152 3242
6218 3120
8738 3933
3532 3350
7473 3126
6372 3913
1064 3384
8667 3231
8320 3279
5802 3480
9509 3782
1453 3701
2411 3447
8825 3072
7085 3267
9648 3437
9574 3130
7810 3127
9875 3309
3942 3325
7161 3209
4698 3910
9731 3503
1079 3051
6703 3891
6168 3565
9354 3898
7676 3607
6361 3127
2906 3173
409 3743
8773 3909
233 3147
5104 3460
2967 3406
8147 3429
695 3912
5455 3589
1803 3922
2287 3770
8672 3531
5167 3126
2341 3491
5057 3262
5234 3910
1758 3576
5142 3522
938 3420
6225 3125
1563 3690
1732 3633
3419 3500
2053 3961
6348 3957
55 3505
7051 3459
506 3016
6776 3193
8495 3377
2341 3856
5806 3427
5517 3368
6747 3334
4296 3777
3015 3399
8908 3846
803 3750
4437 3156
810 3589
1640 3879
3711 3539
308 3734
4085 3666
3227 3496
9822 3494
144 3200
7686 3512
2577 3029
8208 3185
3334 3868
8897 3507
7114 3122
4028 3332
8826 3324
9374 3532
9388 3450
1211 3361
9938 3220
4120 3769
7775 3459
7547 3129
2025 3339
3312 3731
2351 3967
6189 3045
8253 3126
2232 3023
2718 3637
7240 3148
7777 3245
2985 3726
3135 3694
2980 3964
156 3156
8157 3653
7468 3433
6575 3225
3416 3171
6261 3461
5281 3823
6571 3928
2821 3062
2517 3492
3279 3439
9949 3551
8195 3934
2483 3378
218 3027
352 3689
5355 3790
6571 3613
7612 3394
6560 3543
7159 3135
1870 3742
8367 3092
7216 3506
2053 3196
1006 3194
1846 3505
6421 3475
1624 3255
6004 3433
6229 3098
6648 3003
7334 3218
5339 3914
1764 3318
840 3499
5195 3983
3842 3886
8561 3734
6901 3037
1765 3897
5629 3680
8027 3274
1830 3049
1479 3080
5588 3340
3319 3714
7172 3257
9766 3313
499 3324
2815 3573
9197 3861
7951 3243
4248 3708
2142 3174
9154 3431
6254 3076
6073 3704
6917 3810
8874 3448
8584 3130
7803 3745
9129 3307
909 3618
3731 3258
6460 3651
3602 3224
8937 3516
2185 3524
9690 3530
6414 3459
1184 3954
8920 3421
3161 3520
7404 3642
5623 3738
1172 3900
2050 3104
2322 3846
8825 3447
484 3014
4926 3135
6296 3263
5507 3474
2065 3746
7903 3102
6938 3333
7717 3452
7803 3701
551 3425
2170 3993
3207 3637
2115 3966
1631 3307
8123 3386
5570 3152
385 3923
5969 3288
1319 3072
1874 3325
9168 3371
6687 3753
7530 3237
1627 3430
3885 3994
6426 3147
2148 3711
897 3914
4460 3913
1611 3280
7243 3447
542 3029
6740 3035
9726 3357
119 3037
1920 3086
2477 3641
6674 3474
5797 3770
5001 3279
4489 3695
5642 3686
6533 3876
2717 3761
360 3172
2655 3152
1419 3246
6823 3262
1954 3782
4699 3559
5169 3165
8740 3356
5618 3411
1328 3531
5908 3996
7446 3441
2645 3433
351 3777
1075 3961
3603 3954
2143 3719
9329 3555
6179 3390
6708 3386
8614 3602
6690 3918
9965 3161
182 3857
6852 3778
9713 3226
1982 3604
9484 3010
3257 3226
1 3894
7014 3669
3243 3924
4008 3843
2427 3161
8074 3951
1708 3058
1173 3017
9865 3354
6258 3424
542 3428
1853 3685
6493 3761
7468 3513
850 3971
3103 3865
712 3243
9383 3329
541 3152
3099 3375
2179 3538
9145 3930
2553 3286
9802 3091
8458 3130
2361 3746
2260 3260
933 3620
860 3910
1301 3803
7728 3660
9132 3919
7596 3305
1470 3964
849 3079
8433 3923
3347 3597
759 3718
6418 3734
8235 3198
2300 3176
9305 3383
3600 3202
1812 3615
8678 3417
8978 3947
3821 3997
5706 3802
2437 3296
5890 3526
3199 3423
898 3480
6290 3915
9773 3939
2463 3882
3152 3492
4055 3458
219 3520
5435 3686
6849 3783
7571 3228
4251 3183
979 3557
1825 3476
1548 3863
5211 3199
1375 3328
7093 3741
4200 3876
4066 3609
760 3097
5874 3972
6450 3913
8183 3732
6155 3031
5812 3011
764 3094
9127 3842
3033 3270
8361 3677
9607 3000
8563 3256
8378 3524
9955 3554
5868 3528
2543 3673
1669 3404
5129 3183
3351 3213
5604 3828
601 3143
3110 3499
2615 3966
9407 3249
3032 3950
6361 3219
8592 3593
6095 3200
8118 3625
2595 3240
152 3495
7899 3770
926 3876
1516 3676
5917 3533
378 3774
2830 3812
559 3760
4782 3069
1914 3358
6006 3998
4281 3232
1613 3339
8986 3231
2029 3368
5534 3965
1507 3833
1087 3005
1787 3006
5812 3387
8140 3323
1427 3932
576 3719
1846 3849
8983 3059
1729 3816
7900 3934
2450 3620
9080 3902
6666 3942
2453 3841
1163 3980
7221 3637
6851 3568
3957 3877
664 3492
2380 3229
4228 3662
9097 3128
3604 3902
8076 3168
491 3735
6642 3933
8604 3133
9767 3681
9591 3620
3720 3484
2051 3770
183 3668
5422 3422
3586 3456
1665 3480
1061 3636
9752 3178
9023 3423
4336 3832
2211 3059
5329 3388
2145 3757
5118 3533
2516 3582
4778 3249
9372 3161
5406 3905
575 3030
3593 3916
8811 3062
743 3454
9440 3200
2757 3698
4044 3643
4419 3630
9910 3669
7162 3438
5231 3516
4545 3660
1766 3243
4731 3438
2171 3783
3075 3800
2486 3491
3643 3332
8681 3904
2769 3223
8371 3313
3491 3061
3222 3646
7172 3296
6988 3135
7935 3781
1478 3747
1308 3896
9252 3809
2977 3562
5788 3920
1547 3111
1764 3858
7181 3877
9762 3006
4487 3745
1543 3102
1531 3804
5911 3942
556 3447
397 3399
5080 3706
2908 3802
7240 3707
616 3624
6837 3085
1414 3026
253 3343
2626 3141
8534 3455
2304 3584
5587 3222
2709 3433
9172 3926
9606 3628
4403 3473
7153 3605
5356 3732
763 3921
1580 3564
8793 3840
1886 3472
6691 3374
2194 3775
422 3618
3055 3899
5770 3902
2090 3934
9523 3440
8040 3051
6555 3688
5952 3313
4336 3867
1012 3235
9961 3695
5441 3556
6783 3041
7493 3809
5706 3123
8849 3767
9498 3306
5424 3199
6071 3647
199 3471
8635 3460
5244 3268
5454 3225
2619 3444
4626 3871
8087 3824
176 3606
7343 3242
8722 3850
1282 3187
8995 3323
803 3224
5332 3957
3040 3278
3873 3324
3519 3203
7827 3332
8922 3591
4215 3697
3694 3732
6303 3202
878 3266
7527 3252
5981 3334
6042 3092
1900 3779
9078 3372
8816 3361
1774 3826
9863 3285
751 3861
3069 3346
485 3170
8234 3967
7198 3446
5871 3976
479 3253
4705 3025
7350 3050
1924 3016
8544 3631
1787 3763
4923 3023
2751 3170
4431 3907
2575 3230
265 3234
1735 3354
56 3052
6132 3497
7979 3169
486 3128
1098 3613
1447 3494
8661 3375
379 3089
6090 3763
1640 3474
7483 3148
5417 3724
2814 3926
7181 3352
7959 3611
7045 3069
5587 3796
3822 3983
2118 3682
3516 3381
2168 3917
5704 3455
2460 3117
9499 3360
1377 3823
3179 3176
1388 3275
1493 3406
6501 3116
7948 3052
7521 3207
6704 3570
3424 3720
6307 3152
6088 3153
1112 3542
3298 3995
5869 3927
1731 3354
1003 3717
2701 3885
1915 3830
3255 3748
3067 3144
2363 3677
162 3657
159 3895
3056 3018
1046 3880
1305 3428
3879 3405
1299 3428
5230 3185
6894 3315
370 3520
5092 3593
3959 3755
8849 3019
6148 3566
9637 3642
1176 3080
7367 3191
6297 3436
5852 3652
3229 3838
1401 3628
396 3079
5045 3397
7702 3325
6450 3725
7025 3397
3838 3731
3573 3210
1540 3328
2348 3082
2569 3221
8244 3535
6900 3070
7271 3635
9485 3720
5885 3888
6362 3799
2528 3239
6885 3427
7120 3224
8770 3188
6792 3121
1184 3187
6641 3298
8573 3963
581 3000
3407 3208
7 3984
7121 3943
9169 3727
218 3782
9454 3296
5284 3845
6377 3765
9836 3734
4422 3193
3573 3432
1215 3254
8482 3794
7250 3803
1252 3366
1561 3912
8336 3244
201 3340
7413 3849
1760 3063
4492 3247
2744 3364
5521 3439
4497 3425
6017 3380
8910 3818
9908 3578
1055 3170
29 3463
6159 3012
208 3368
5215 3762
5412 3048
5394 3555
8185 3524
6794 3578
6155 3762
163 3597
5447 3108
8655 3643
4957 3975
9954 3881
6775 3209
9054 3135
6457 3418
8658 3414
7098 3730
2382 3149
5634 3348
3291 3549
5332 3865
5240 3097
3694 3360
3416 3002
4462 3612
7066 3122
823 3902
5289 3671
5269 3301
1638 3763
1341 3428
5634 3537
6297 3907
8656 3722
1875 3720
8890 3978
4079 3231
4515 3028
237 3543
2573 3861
2991 3336
9932 3759
5192 3626
9947 3980
1974 3063
4445 3791
7362 3036
6343 3877
4278 3051
8844 3553
1646 3285
24 3001
5137 3374
8482 3203
785 3433
539 3652
2482 3663
1132 3034
9816 3690
4560 3336
1732 3094
7869 3610
144 3866
4569 3434
232 3939
4202 3834
2636 3938
2894 3515
3011 3743
2988 3806
8818 3158
283 3360
5406 3833
2066 3315
14 3646
8128 3235
3172 3690
445 3430
9950 3622
2464 3176
7144 3578
2434 3573
7172 3423
994 3152
3229 3481
3099 3068
1383 3692
371 3705
5259 3318
2278 3322
2355 3126
4179 3212
1489 3540
5460 3345
6148 3017
548 3342
6253 3904
460 3434
6687 3261
6190 3048
6806 3892
4790 3950
2937 3557
2205 3447
3795 3751
6064 3126
9742 3307
7377 3004
9057 3331
2652 3572
3819 3610
1101 3909
8128 3245
7184 3432
1093 3283
408 3075
1318 3977
4324 3692
3648 3281
5552 3778
9323 3459
1400 3456
2488 3908
2450 3619
3116 3375
6508 3447
7147 3970
3075 3821
521 3626
7958 3240
3869 3633
1178 3840
8135 3127
3343 3190
19 3774
4707 3161
5646 3163
8246 3624
8312 3266
9726 3033
6395 3681
6892 3890
7723 3511
7182 3294
8815 3534
1814 3578
4207 3768
1627 3224
8574 3198
3774 3692
3194 3190
5104 3797
354 3813
5778 3062
9575 3419
6829 3494
9877 3183
6724 3245
4548 3195
2502 3280
2811 3082
8072 3358
3172 3150
2179 3075
6054 3742
1225 3333
30 3760
2238 3854
2063 3988
9621 3858
6045 3562
2520 3449
8340 3747
4300 3439
4030 3990
3716 3698
4404 3844
8661 3771
3700 3862
8858 3209
6709 3168
2216 3602
6487 3261
4437 3308
414 3725
4613 3915
2129 3124
5621 3620
7581 3933
5436 3521
4448 3247
8334 3973
979 3326
8563 3739
1671 3989
6055 3482
6003 3419
