1501 256
726 901
176 1192
294 961
39 299
756 1381
327 744
534 1121
270 670
674 1139
289 316
885 1276
603 761
51 813
707 1369
833 1019
1080 1285
1349 1369
579 1442
352 1083
1026 1110
600 1040
191 877
326 1348
681 1345
40 590
330 863
606 1426
205 359
60 614
1079 1198
499 740
639 650
1082 1192
536 1424
89 726
120 1033
514 529
146 956
910 1067
210 1294
863 1271
60 187
316 781
80 986
220 750
805 1392
294 637
428 1413
21 252
799 819
643 1087
156 1033
671 756
170 1318
696 1132
1013 1329
648 990
363 1473
174 465
117 1305
850 1316
266 1014
177 699
47 954
746 869
632 1296
988 1418
837 1197
179 856
210 1328
361 1495
768 1028
534 1060
529 1240
16 60
410 775
728 830
198 1029
689 1464
358 420
369 439
462 646
469 1251
799 1215
317 658
679 918
1014 1332
882 1239
650 1450
781 866
316 1168
797 885
452 634
718 1296
941 1301
480 1209
1154 1369
701 919
176 751
264 1193
1218 1302
125 1385
795 917
401 1444
140 993
391 933
655 1154
1047 1215
495 1343
320 798
837 1410
1335 1433
477 587
897 1064
586 835
19 706
23 543
114 284
627 885
1176 1336
942 1382
1027 1396
216 1182
319 1208
169 1107
258 779
580 597
551 1259
8 867
1404 1483
684 821
712 1466
551 849
734 911
20 1435
70 850
546 636
194 639
488 501
2 98
79 1197
425 880
746 1193
462 1174
155 888
273 385
385 968
10 1183
145 1325
157 1492
864 1270
918 1230
493 1126
897 1301
1113 1342
917 960
40 1295
16 921
601 703
572 1253
972 1068
434 632
747 1292
297 877
104 1234
205 1120
94 673
471 566
956 1471
592 1356
1227 1338
35 220
242 1103
345 1385
412 549
885 1336
687 1048
571 1098
634 636
314 465
174 1045
922 934
206 788
1269 1420
645 1403
105 404
114 1118
443 719
452 1141
534 1224
19 201
730 959
77 1310
103 168
1046 1112
44 392
459 1011
372 808
178 1387
927 1043
420 632
665 1170
111 381
1124 1403
407 850
110 1232
291 507
151 1451
207 438
961 1253
234 1208
141 950
468 870
1119 1396
410 724
880 892
281 885
1102 1283
1080 1468
129 429
670 1480
1411 1419
986 1301
189 1169
281 515
904 939
888 1115
203 756
441 1020
664 921
74 432
786 956
822 1170
1306 1345
145 1074
589 633
267 1456
1397 1432
176 754
580 783
999 1023
1324 1446
443 928
343 1410
262 597
177 462
496 615
6 290
786 1494
197 421
275 952
356 1138
8 328
142 824
87 1018
206 1089
342
717 1152 1450 731 1426 597 86 197 170 711 66 705 1277 909 760 657 1327 1141 542 707 945 620 466 732 891 1405 1278 28 204 721 682 1311 400 294 460 1280 363 1340 1343 679 799 1066 1022 1214 632 1204 231 806 80 818 1481 558 491 977 1294 694 915 410 137 811 89 729 1230 150 1379 402 1149 778 1216 498 1078 49 1289 519 1271 554 769 1071 1235 128 927 984 440 389 1104 1239 983 1441 378 157 1024 562 1175 1477 1399 576 698 876 591 1324 1018 136 1058 1384 885 1488 1074 241 1449 107 164 149 185 662 524 341 456 1353 1422 1064 1161 1174 899 753 1414 1021 604 1314 877 1031 221 1480 540 659 1318 1451 670 135 317 1315 68 106 1089 1119 313 1330 1044 923 1386 746 1184 1279 405 1098 1382 987 551 1373 1076 1248 989 763 1458 1269 770 723 798 278 535 1260 1285 255 958 1397 1041 1254 842 1205 1231 648 966 921 134 1096 791 1298 472 112 79 407 142 520 1494 641 686 239 283 1344 1160 304 305 1168 1360 1213 87 1295 922 1002 1466 1313 1151 328 1268 189 131 310 346 1310 275 1367 718 244 825 289 1040 1266 1476 1361 1075 1117 118 766 822 630 612 814 386 815 607 336 504 931 666 236 637 252 1207 940 1482 522 47 1221 349 175 322 1380 619 496 18 1069 101 992 314 145 646 1070 920 801 692 1100 486 469 248 709 495 1435 97 517 615 629 276 356 124 970 606 168 3 1033 1134 862 430 1500 975 1047 534 785 1468 918 61 473 1319 492 27 971 452 1218 1329 897 1453 1222 1490 395 1404 726 394 854 695 507 739 1138 924 96 557 603 684 960 916 38 549 628 250 1017 1485 277 388 34 72 1109 968 529 1457 1283 
