1514 262
700 1469
442 1075
746 899
433 723
151 1441
955 1238
513 1102
434 1200
723 893
1154 1456
914 1217
238 641
15 959
589 647
136 846
362 1097
431 457
11 637
806 1356
184 557
302 874
805 1154
1446 1510
6 723
493 645
564 1098
15 713
817 1358
143 1405
42 128
404 1288
635 1298
895 1020
2 329
567 590
426 1279
649 1135
227 876
857 1116
264 1423
410 553
817 929
1011 1383
661 690
986 1298
204 857
506 997
817 1088
274 472
50 513
351 508
579 938
226 1029
1194 1384
760 885
76 769
45 963
291 1287
405 1320
558 1330
302 926
1231 1322
649 1277
3 54
69 1003
432 1371
814 825
1257 1389
105 981
145 571
124 269
190 1305
827 882
141 519
734 996
168 1407
778 929
61 558
195 255
331 1261
856 1276
724 1446
122 264
280 1483
997 1216
530 1247
725 1080
273 1393
187 1460
1387 1476
119 1170
149 1432
483 1459
30 99
306 1377
778 1233
517 680
573 646
341 768
1145 1342
1310 1433
327 812
981 1010
35 143
646 1222
1221 1234
1112 1396
1413 1485
993 1415
1107 1209
333 1011
498 572
374 441
698 1194
603 809
1237 1401
3 429
830 947
39 675
353 1042
184 1482
299 1126
656 866
1010 1320
89 979
536 1095
499 689
97 1381
1473 1505
923 1485
309 1170
711 867
38 986
745 1093
484 911
529 1297
425 1407
510 1282
853 1167
472 574
817 1216
475 1495
277 401
259 525
563 653
466 876
782 1337
70 257
616 863
58 1282
1126 1228
39 894
759 1076
62 1221
42 1351
19 115
568 931
1196 1410
329 1416
747 1019
390 982
160 1036
1021 1156
397 1490
117 137
445 858
905 1305
514 1045
1319 1322
231 242
688 1409
0 396
290 1511
72 509
133 326
579 599
24 161
378 779
192 1472
102 864
543 1405
97 206
136 402
777 1486
234 634
946 1401
748 847
580 1005
733 1500
66 689
230 1293
36 526
215 859
286 1128
19 122
58 247
596 596
400 651
213 359
477 1480
50 1177
1301 1378
272 732
532 684
203 1104
601 1366
192 990
168 578
947 1087
543 1327
282 975
456 822
884 1443
1097 1307
507 1124
29 529
626 859
307 757
373 724
224 1481
142 1481
27 682
806 1020
33 1035
881 1241
809 1106
490 796
32 1256
476 657
194 1433
545 1058
641 1059
100 912
1261 1274
1300 1327
251 495
183 1042
312 1197
995 1371
970 1124
120 468
56 60
796 1311
337 573
326 1263
853 1007
94 432
653 1150
49 839
895 991
188 299
923 1085
508 974
239 364
918 1421
479 1136
419 1220
553 1435
626 951
769 1389
135 161
315 1205
1036
259 1198 596 620 1445 756 224 989 30 1091 444 28 775 299 835 1194 338 231 1501 1254 1330 975 51 726 1149 1044 1405 574 780 1003 1146 1210 360 763 1431 945 1207 1400 96 1253 38 74 848 770 1133 1113 253 272 1047 1182 1016 1164 141 687 728 450 126 645 664 1261 1457 306 1088 72 666 379 647 1444 873 1401 1357 1314 672 111 172 810 1244 388 1221 1301 257 166 322 469 1391 63 534 248 929 737 1104 1358 133 943 751 1388 177 330 1141 376 374 513 1074 295 582 427 759 492 599 437 234 592 67 1290 232 176 1462 822 368 854 711 432 836 601 551 548 1072 211 659 495 1398 963 40 932 510 319 1476 1185 650 1264 411 576 90 855 1500 703 529 1132 1103 308 1414 663 769 553 1272 497 1399 560 913 471 754 753 540 1162 480 994 447 1075 1012 803 1109 27 150 505 545 1333 552 1073 1192 8 337 912 949 1187 1276 318 982 986 249 1420 407 988 1343 1259 648 1300 699 487 277 1336 1342 877 724 946 440 1292 1004 1450 267 323 725 1266 352 1058 242 1425 1160 22 483 1130 917 845 1118 245 154 431 83 697 692 1039 1326 237 490 1079 307 973 1265 1285 906 162 3 1154 0 870 254 436 1291 1049 75 1055 619 1302 275 823 219 689 68 7 187 158 1449 934 681 1190 997 1246 947 1268 1142 837 135 251 263 614 1318 462 418 880 1051 1322 250 1176 1483 1271 1000 695 16 554 1510 426 1354 1155 243 134 485 1106 916 772 1455 591 968 830 1421 405 1335 504 1100 1233 503 799 661 748 325 685 755 1179 1203 1376 476 520 145 29 192 482 910 1385 535 271 777 817 159 206 23 54 621 1372 117 1095 1211 1153 80 1381 1410 362 496 334 1173 795 626 646 1201 381 367 329 194 670 93 1503 688 825 622 282 200 1367 812 170 108 878 310 355 449 511 57 865 1191 438 1355 1312 789 587 284 1384 1238 940 140 633 798 1040 1105 1310 712 682 662 709 1369 415 184 429 1507 246 627 1491 377 766 448 1308 185 859 1086 1281 138 226 964 1368 507 862 481 867 1406 991 509 85 20 1122 195 52 1178 944 39 1135 1230 161 536 1014 902 704 1481 1208 281 1242 321 1027 570 1200 888 841 435 1236 773 114 954 1070 1475 1350 441 983 967 747 1480 500 326 1045 1361 84 719 864 1255 1371 1380 50 1150 1137 1065 1017 199 69 787 1011 1158 1257 1485 792 998 1274 531 260 62 987 1145 937 506 230 900 598 1451 1169 1345 139 546 212 654 872 1235 286 1013 342 1206 1379 1043 149 847 94 89 541 136 395 1006 375 948 1181 593 933 1487 165 630 674 1256 782 853 686 1416 882 700 1015 1348 971 562 378 493 423 683 1329 676 924 1034 628 778 366 1478 1217 112 1213 846 894 1474 208 1452 908 1129 297 920 266 1430 1209 960 1394 1328 1295 746 65 1009 1513 147 1441 460 256 744 585 317 523 978 517 439 931 1224 1447 1036 927 1037 303 1119 1375 521 600 1189 979 1030 1463 350 797 1144 615 577 163 936 398 579 1007 445 300 217 1413 336 1477 1205 91 331 723 1323 402 1166 624 561 218 34 484 1225 656 876 781 1140 957 881 494 76 801 148 241 95 1071 583 1098 157 1436 565 408 372 316 903 78 428 1443 422 328 572 1359 457 1248 928 1143 1317 288 293 717 456 239 965 464 1432 636 1090 416 995 1473 276 1078 694 475 740 839 1001 1458 868 124 1504 1060 1338 824 351 127 258 816 244 353 18 635 605 731 1512 1262 190 1226 128 274 1076 1251 1156 874 474 465 1061 1360 733 205 884 858 247 1332 341 691 1465 665 1505 977 1453 1126 216 1195 1229 1415 455 696 1081 1327 895 1171 667 1389 349 802 569 1114 1170 240 1278 764 613 202 594 44 508 887 1321 1249 2 514 1496 110 640 909 1378 1298 201 690 92 53 677 1320 1497 857 1283 581 899 304 575 1128 410 1275 403 653 1377 818 741 668 223 380 1247 458 446 851 1508 215 1440 1243 97 49 207 390 1304 834 563 1282 37 1383 189 1077 255 1028 669 1365 1134 4 32 1260 129 225 1267 1054 736 1202 1 1407 1089 935 301 1062 1063 1439 180 1506 604 623 786 1056 911 178 761 1437 673 489 765 1180 1068 383 809 102 1293 1347 1313 863 1167 1010 228 1286 79 1299 518 607 82 718 15 679 120 993 1177 1080 333 785 302 838 61 1448 588 1222 1022 123 1232 291 1245 1411 1356 735 370 1325 132 146 434 188 6 1370 229 478 611 1097 1499 122 571 173 1396 904 280 186 262 651 175 555 1493 831 969 151 472 35 922 788 840 227 1334 19 265 425 962 783 294 470 1048 580 106 871 1041 921 974 466 1460 81 1046 1258 235 749 1116 952 1165 1228 1495 1033 24 617 417 1002 1020 1366 730 1218 684 1316 1050 883 758 1067 1064 721 386 776 939 220 1435 298 1324 526 1197 414 179 1489 287 311 397 1059 1395 400 1417 976 109 144 804 530 1364 800 373 866 739 1031 498 1131 1066 99 955 252 1390 214 1139 1408 811 556 879 609 305 1184 1404 1227 1270 344 273 210 153 479 1094 942 454 1306 1147 46 1124 1163 557 48 821 1152 1492 1344 290 981 31 693 1042 1025 1279 21 
