95 6323
708 234 8555
1860 1389 8579
1513 1112 8892
597 541 9789
1293 555 7759
1716 960 9660
1641 1973 7984
1923 39 7218
197 619 9023
599 1418 8045
1593 69 7983
794 703 7498
623 1537 7541
939 1346 9057
1768 686 7042
950 976 8227
1374 1718 9326
898 882 8563
1679 1971 8204
735 631 8857
1872 1490 7717
1294 403 7798
1971 247 8576
1424 1356 8055
56 134 8692
926 1050 7941
300 1728 7422
1305 291 9791
95 138 8732
457 1154 7277
1445 496 7417
119 1363 7599
1660 585 8239
1657 1483 7664
644 1361 7524
1042 326 7605
450 1546 7643
1370 1074 7707
395 1023 8085
679 65 8740
1435 32 7609
1507 274 8938
768 1226 9994
88 358 8839
1571 595 8909
387 1803 7595
1945 1612 7075
1457 1576 9942
376 49 7775
144 786 8433
1659 1832 7983
1308 1773 8671
1119 640 9523
1517 1961 9611
212 629 7162
1608 618 9848
714 678 7566
1323 1919 7356
1479 1418 7382
1974 538 9034
1512 1099 7618
1378 1817 9324
1320 730 8793
357 113 8528
188 989 8659
1183 1346 8470
279 97 7927
766 944 9904
435 1141 9161
400 1 8804
753 831 9513
818 1400 8433
1727 1592 7368
1278 1066 7745
133 1189 7318
419 756 8614
1065 1472 8526
587 663 9173
1331 1551 7239
1152 17 8371
1909 1388 8532
1229 503 9486
1580 929 7584
454 545 8102
167 838 7768
298 839 7469
133 901 9725
580 416 8487
1143 1812 7721
244 1343 7951
1788 756 9867
173 1957 9643
816 146 8388
198 1808 9622
208 851 8185
972
8092 3830
6014 3469
3319 3199
4668 3208
6283 3839
9974 3889
7075 3688
5751 3779
4875 3311
7413 3206
1842 3284
2787 3355
8339 3753
3354 3338
3221 3353
7210 3095
4064 3172
651 3651
5185 3000
152 3759
1888 3321
7774 3518
8159 3684
6865 3163
6261 3512
5392 3369
6508 3383
1610 3122
2904 3212
7266 3514
1418 3541
3487 3708
227 3578
8406 3541
8269 3814
140 3616
5878 3022
9702 3802
9406 3752
6244 3007
819 3934
8734 3604
779 3731
6477 3903
5139 3365
2589 3820
2901 3059
9425 3225
9247 3713
712 3268
7377 3642
5983 3308
1718 3437
999 3517
520 3435
5912 3968
3774 3328
9142 3457
7447 3840
9971 3371
4683 3644
6757 3297
1743 3885
1897 3759
1674 3417
2312 3793
6054 3043
1497 3649
7993 3703
7448 3503
8244 3070
2053 3684
8235 3319
1632 3071
807 3248
8836 3644
1833 3891
3905 3818
3520 3715
6398 3172
3180 3865
8494 3442
2116 3834
4659 3369
3941 3828
8145 3128
6987 3785
548 3708
6901 3474
4532 3655
1124 3816
2280 3596
9237 3583
5321 3854
2544 3037
6424 3009
6255 3713
7859 3305
1042 3855
372 3410
1155 3763
2730 3200
8198 3427
4204 3808
5891 3698
9483 3015
5702 3899
6439 3777
7431 3611
4533 3172
4630 3130
4096 3030
9577 3186
2318 3141
3658 3969
6004 3934
810 3564
4156 3751
2059 3941
2757 3273
5372 3607
5900 3792
7813 3102
1610 3957
6534 3965
8382 3910
1564 3530
1229 3980
5876 3452
1559 3005
1218 3064
7548 3315
4740 3232
8686 3254
4722 3454
7336 3765
6169 3152
6512 3458
6697 3828
7785 3583
4556 3117
2556 3035
9400 3798
2103 3281
1302 3319
6887 3251
3715 3054
6227 3379
9895 3407
360 3171
6613 3191
4300 3238
4226 3229
2893 3317
8634 3267
1882 3622
4623 3876
4981 3115
163 3518
9623 3343
1592 3769
1844 3902
2645 3872
4657 3701
2812 3064
2067 3871
6890 3863
4169 3786
7839 3376
8861 3042
3103 3099
4983 3724
2216 3457
5203 3014
7380 3297
9156 3253
7601 3357
8825 3510
3776 3481
5150 3001
683 3428
4470 3787
3450 3743
4392 3027
3192 3766
7080 3831
1089 3565
631 3984
7934 3486
541 3964
3317 3768
2998 3850
5307 3881
5227 3459
8843 3863
9715 3519
7516 3523
8777 3181
2925 3823
9344 3256
6052 3218
756 3022
7848 3625
6531 3250
7499 3992
8860 3261
1740 3354
7606 3656
5804 3477
68 3269
2784 3026
1751 3407
742 3852
2277 3151
3451 3654
329 3216
76 3721
3643 3781
9068 3334
7314 3514
4518 3881
1335 3337
7923 3968
9131 3406
5309 3923
4603 3220
3109 3235
4355 3569
7378 3791
5569 3623
1900 3045
1116 3405
4040 3142
5573 3574
244 3469
4540 3056
4950 3233
2454 3384
7568 3313
653 3588
5158 3704
1705 3264
531 3314
3086 3125
9561 3821
4261 3895
3879 3595
1328 3230
1840 3751
1384 3232
74 3829
6697 3068
4340 3000
2785 3730
6187 3118
2181 3065
1807 3646
9252 3113
8962 3574
2128 3339
4545 3366
2810 3326
9269 3929
1357 3619
9724 3460
302 3419
8756 3775
1970 3959
1656 3309
5137 3535
5262 3135
649 3991
8527 3981
1206 3848
4889 3351
5361 3763
4706 3257
6215 3340
1150 3158
7451 3644
9059 3126
8254 3398
7995 3155
5470 3119
2681 3160
3933 3024
2240 3139
9924 3965
7552 3885
2071 3915
5234 3311
9130 3630
310 3199
20 3728
9642 3955
8323 3129
6334 3173
5553 3499
2695 3608
3702 3389
6625 3730
8605 3555
4376 3163
3563 3500
2392 3637
9661 3292
1187 3067
1170 3618
5667 3303
3082 3116
2529 3247
9612 3346
5926 3736
286 3881
7567 3030
1168 3290
9510 3067
7434 3250
6591 3798
9288 3858
9984 3157
2338 3321
7141 3798
8913 3393
4050 3322
335 3191
2939 3755
1119 3551
1792 3824
1085 3304
7757 3879
8230 3092
2481 3394
6475 3363
845 3125
1746 3288
6848 3310
1774 3180
7296 3702
3952 3065
2779 3415
1726 3009
1663 3455
7874 3681
3015 3852
2662 3360
2679 3328
480 3285
7338 3040
5096 3752
5066 3015
5281 3182
7391 3832
183 3875
9051 3235
342 3964
9830 3383
508 3459
3766 3346
3536 3654
9330 3645
274 3241
486 3884
4900 3035
8233 3276
5978 3799
1453 3365
1166 3453
8375 3330
8631 3016
8544 3878
6299 3864
2763 3202
8787 3955
5816 3453
1454 3071
7288 3899
6952 3204
834 3537
940 3728
8901 3015
2344 3794
8175 3326
4832 3691
4446 3125
422 3506
3413 3671
6968 3759
7025 3951
6442 3586
349 3823
4678 3053
4098 3485
4577 3567
2115 3071
9439 3730
968 3040
7962 3552
4905 3843
1407 3474
9837 3872
7706 3152
5571 3141
1652 3392
3186 3887
1129 3968
8636 3297
7647 3094
9320 3379
5571 3323
5920 3759
6470 3091
6712 3312
2681 3257
49 3116
5716 3056
9436 3172
413 3524
7362 3841
7655 3650
4164 3905
2121 3086
6223 3202
33 3212
7634 3271
2904 3457
6419 3200
6728 3842
5230 3663
6891 3157
7983 3904
3974 3679
483 3496
7318 3325
5402 3114
5370 3407
3536 3310
929 3218
7388 3427
2901 3638
3304 3950
88 3319
5442 3716
141 3231
738 3868
4299 3636
2893 3688
2093 3029
9801 3957
2206 3323
579 3329
419 3286
8925 3045
681 3014
5148 3116
7009 3051
6785 3851
9481 3631
1862 3952
2494 3186
8107 3807
6382 3606
6625 3507
2914 3780
7640 3611
4940 3654
6980 3574
8125 3823
4149 3463
2282 3720
8487 3668
7280 3813
2582 3115
5685 3407
3286 3046
337 3619
1795 3538
3470 3579
836 3426
1740 3283
1062 3617
8696 3982
198 3800
2429 3770
7070 3788
4411 3882
660 3043
8327 3035
3087 3457
4916 3265
524 3390
1617 3658
1376 3219
3666 3667
383 3765
2499 3106
556 3544
4426 3876
4561 3911
2509 3863
1745 3187
4596 3411
6429 3459
1696 3509
8580 3531
1164 3420
4190 3704
2899 3879
1547 3722
8386 3814
1623 3867
8816 3569
657 3367
6395 3430
8669 3604
8932 3055
3510 3933
910 3514
6520 3385
8626 3779
8925 3401
1735 3383
5334 3426
4289 3074
2124 3024
2359 3796
2423 3636
6777 3904
9327 3703
7714 3109
7089 3367
1962 3208
3893 3473
4736 3305
7630 3088
1750 3301
4641 3236
1708 3036
2042 3559
1746 3484
8043 3508
5320 3990
9381 3929
1097 3327
4108 3575
967 3441
359 3711
1560 3939
6774 3127
2466 3887
6263 3854
6163 3051
3065 3148
5012 3858
5602 3357
8158 3331
2127 3735
1390 3066
5067 3466
4485 3502
3202 3416
5891 3323
8821 3869
1845 3080
2848 3393
2108 3804
9354 3763
1121 3381
4958 3120
6118 3625
4344 3101
1646 3520
1249 3601
9695 3602
6319 3150
5511 3309
1623 3762
1693 3713
484 3400
1098 3144
9004 3173
9447 3360
881 3616
2808 3699
7893 3545
7274 3713
9794 3094
8953 3476
1241 3481
2677 3932
1482 3214
7974 3844
2275 3092
6429 3405
3164 3657
2829 3625
6178 3707
810 3227
5250 3773
9873 3557
105 3686
9576 3866
4986 3432
9287 3997
9215 3320
552 3530
9331 3145
9834 3419
5952 3758
1468 3790
645 3176
1944 3237
8730 3716
8606 3141
6678 3385
6819 3492
2177 3520
9129 3356
4454 3701
6017 3173
5707 3005
2382 3930
8452 3224
3212 3795
3028 3289
417 3323
5446 3356
274 3371
604 3256
5786 3206
2581 3325
8918 3254
7044 3127
884 3359
1471 3043
2206 3003
6373 3833
545 3270
627 3987
5459 3178
4537 3085
4036 3830
8824 3086
9348 3402
863 3558
5846 3823
1879 3560
67 3276
5531 3458
7570 3812
8044 3090
614 3470
3684 3971
2424 3517
4681 3225
2551 3298
8325 3953
5326 3198
3539 3277
7621 3924
6460 3495
5594 3526
4996 3243
3857 3511
3582 3409
5225 3785
4919 3267
9858 3776
769 3996
8716 3703
7102 3058
2929 3257
5665 3342
598 3915
1087 3098
7709 3744
3931 3114
7919 3148
1091 3621
808 3822
9493 3285
5971 3183
7110 3558
9321 3800
5876 3124
1732 3996
6954 3560
1960 3449
4644 3108
9476 3765
7236 3508
4693 3582
468 3800
7948 3122
2525 3431
8369 3056
9448 3726
4168 3511
5602 3130
9779 3406
2373 3978
488 3092
3733 3896
6404 3177
4008 3514
4896 3436
954 3028
5044 3678
2847 3648
5193 3942
1466 3201
915 3743
6446 3083
8558 3031
115 3015
3400 3674
444 3591
3920 3823
1206 3957
8254 3728
4851 3464
339 3144
2712 3361
7698 3952
5732 3395
1407 3242
6050 3482
9750 3394
9680 3581
2895 3449
1873 3967
3121 3132
3696 3866
7669 3317
1878 3653
3661 3072
622 3735
9828 3473
7255 3076
5751 3308
3370 3113
9957 3948
3149 3314
5875 3272
5158 3084
1475 3996
6372 3527
4965 3524
858 3884
6222 3302
6989 3224
2937 3696
2657 3047
6236 3071
9759 3461
9228 3562
3434 3353
3683 3822
5602 3299
4449 3251
4008 3863
7440 3735
6771 3266
189 3810
7474 3596
7380 3874
9283 3863
8859 3232
7412 3991
7441 3186
2440 3827
5080 3050
3180 3771
9810 3991
6058 3058
328 3026
8014 3366
1712 3332
8807 3006
9743 3166
9744 3131
2253 3889
240 3857
8361 3832
3695 3568
7405 3898
9018 3047
2724 3556
2216 3432
3336 3647
4829 3474
5296 3437
3007 3378
5754 3282
1416 3363
438 3681
8988 3489
4196 3876
75 3448
2541 3328
5433 3650
7864 3888
3644 3480
198 3009
5269 3808
7040 3814
2035 3217
5298 3772
1012 3627
7111 3681
2270 3746
7079 3729
6109 3845
3710 3889
7742 3433
4959 3232
1675 3052
2169 3130
279 3047
8008 3159
493 3475
5311 3115
996 3447
3205 3840
870 3480
3870 3689
545 3283
8636 3831
2669 3479
773 3354
6463 3407
6102 3344
6589 3462
3144 3970
6083 3387
6354 3135
86 3487
4783 3240
6535 3885
7122 3127
9306 3714
199 3066
6920 3429
8236 3260
2578 3384
6976 3757
5431 3447
7850 3608
9463 3441
5229 3350
9720 3701
4058 3282
4137 3703
935 3245
7750 3507
1007 3570
8171 3976
2506 3404
812 3361
8703 3502
2101 3656
8919 3420
5341 3428
7315 3721
1937 3261
3409 3280
8590 3213
5178 3462
622 3225
7024 3016
4167 3312
6822 3321
1664 3091
8816 3127
7605 3582
2558 3959
5389 3798
6514 3029
2859 3476
3002 3057
3538 3297
442 3830
4364 3402
698 3453
7100 3725
2384 3738
2355 3092
5151 3517
9104 3755
4928 3259
6955 3085
944 3782
8948 3955
5754 3338
1687 3511
3110 3209
6147 3566
7939 3210
1916 3540
224 3478
1789 3821
9665 3731
4849 3897
6272 3740
7700 3839
2723 3656
7254 3653
5773 3338
7168 3447
3175 3930
5962 3478
2767 3754
6764 3027
2513 3923
7620 3924
1366 3512
2487 3998
6523 3843
8459 3029
163 3256
7012 3087
1855 3471
2861 3559
2045 3677
4026 3697
8623 3221
6860 3577
1262 3482
7509 3745
2398 3073
2125 3106
355 3981
2115 3691
9461 3595
5959 3352
3728 3615
8952 3652
5294 3526
5178 3171
2761 3830
4154 3073
6956 3995
1525 3799
346 3331
5622 3959
5297 3364
9278 3662
5888 3524
4249 3897
2759 3497
6095 3755
5261 3747
3320 3862
9320 3871
6035 3040
2312 3277
4536 3816
4645 3100
8605 3161
5931 3292
694 3782
531 3796
9969 3958
3588 3693
9281 3099
9545 3967
7416 3845
1060 3331
7803 3148
755 3992
7073 3046
9251 3714
