1482 186
1098 1171
622 631
855 1284
239 927
180 1288
370 1480
750 1061
454 538
776 1143
589 1356
405 1134
166 1111
383 586
536 1429
676 1057
250 1304
689 1006
461 1433
60 658
93 1162
977 1450
458 1153
303 697
208 601
340 479
1009 1224
43 379
1315 1459
30 894
485 959
708 1113
161 829
749 1441
757 914
612 1179
74 162
1049 1117
345 689
0 1398
441 1245
352 388
728 901
862 932
456 775
235 1039
15 202
103 1074
615 918
539 1213
839 850
118 404
387 1156
549 723
711 1397
899 1221
0 725
1050 1249
172 930
944 1099
346 1158
527 1239
73 552
612 1166
500 1214
558 760
1212 1408
88 1021
185 1393
376 1242
475 635
488 932
186 498
449 698
511 1327
701 937
466 1285
679 1439
1089 1337
1052 1389
343 1253
568 1386
1132 1414
79 548
13 1227
1089 1323
220 732
242 410
810 1417
223 581
175 1445
270 1411
137 1197
307 1049
668 1308
662 1293
464 831
416 1318
385 1029
1062 1161
133 1184
1066 1105
679 790
852 1279
918 1368
560 1077
911 1154
653 777
341 971
909 1359
439 997
536 678
342 1293
1102 1384
563 1130
573 1190
61 444
675 849
72 831
155 1395
206 266
107 244
924 955
106 827
614 1193
609 900
455 1094
27 1059
47 1473
148 1087
483 641
154 195
214 1457
583 1472
125 1044
328 665
650 749
26 847
203 937
120 1244
338 1174
84 733
603 1012
216 1037
269 288
22 1373
712 746
155 553
679 1290
324 386
1148 1437
283 422
536 1447
1072 1412
407 1211
424 1135
398 1408
1125 1427
496 1160
272 1258
85 1125
93 163
424 941
387 1350
115 135
102 718
526 554
536 855
67 282
220 1086
546 643
432 1042
517 1131
158 491
233 1172
662 1042
292 1418
687 1308
585 1122
1158 1318
38 1307
283 798
794 1383
880 1366
433 495
485 851
214 361
1160
1470 587 1151 809 228 167 1104 1114 1403 493 1317 84 525 798 508 869 852 299 968 173 1137 231 872 61 924 233 1203 346 1303 117 203 321 1435 548 1402 5 1322 1453 1278 177 328 55 650 154 572 671 665 714 757 174 842 248 732 393 1073 565 905 335 1138 489 1011 1481 1179 70 1280 682 397 43 189 488 672 945 849 1165 185 553 846 340 901 703 1069 1041 1071 1030 418 546 1426 135 190 348 989 857 1320 1469 745 1366 168 880 433 781 881 877 607 417 1253 876 1391 356 896 793 748 507 1475 1290 3 789 659 147 711 847 991 975 1390 325 1174 1053 752 774 253 424 855 1261 105 1430 1256 582 1471 1072 898 404 725 464 1044 595 859 1443 158 1420 423 212 660 1108 1193 1059 694 18 836 1017 519 365 1223 919 763 1233 65 894 1032 452 312 727 1308 1330 790 1152 139 384 370 1281 262 738 1039 1081 457 833 427 1424 1147 106 826 884 244 377 961 408 1369 138 1198 810 435 473 201 580 523 755 382 69 1386 1087 1357 536 885 768 53 1274 180 720 992 1271 1354 1153 760 1418 889 1452 305 210 853 461 856 805 1277 37 72 956 845 260 1461 422 722 1026 1220 509 454 1381 331 224 719 557 1205 1380 1361 31 1283 1392 1459 1136 835 702 1099 1412 1408 247 91 63 7 958 273 56 323 1012 54 524 381 257 712 994 874 601 679 49 1309 311 1095 1079 40 1338 680 1479 355 1145 900 198 913 1298 297 1400 532 925 21 1154 33 144 88 483 1234 995 283 678 143 442 806 1285 1134 1348 1028 1370 953 1016 914 1190 1148 830 354 792 1132 547 456 850 723 1096 159 453 131 285 554 1377 104 516 1315 786 1048 446 1388 274 875 44 399 879 1307 124 959 715 434 808 1242 122 983 670 337 1070 1210 998 1319 1133 375 1415 578 864 485 735 549 1337 92 1113 211 753 12 1122 361 698 528 1455 1467 478 783 957 683 561 515 116 944 324 184 931 465 241 1295 569 214 145 899 687 252 689 1014 1235 990 769 148 396 1411 187 1245 903 1339 22 17 23 590 837 927 294 495 933 1407 982 706 1450 62 1349 954 114 1444 1310 581 1005 1201 1119 466 1120 1135 1196 785 319 930 1107 157 1027 969 48 471 1247 604 787 1463 1128 1336 844 330 812 1052 280 962 663 199 64 1212 887 1299 432 1314 164 1273 936 449 1208 610 622 100 1060 636 1291 1185 1097 1419 570 216 1109 1305 729 964 229 78 598 1086 1058 1410 409 870 197 239 1106 685 390 750 1329 695 77 1010 101 420 269 677 891 1075 1130 1343 776 893 838 371 1129 374 491 1204 841 630 1111 529 675 1401 976 811 795 15 220 1088 1328 1474 376 1103 530 379 436 606 291 775 134 985 1301 481 1092 60 1164 1024 243 922 1018 1049 332 254 458 1102 1363 129 1448 1251 1228 802 479 645 1098 980 1286 450 87 389 1409 1355 1236 584 804 360 281 1050 609 559 1211 1089 308 68 1219 1332 979 1352 1043 951 1161 728 1350 292 661 96 611 676 1160 1180 1029 225 848 1375 179 643 1359 24 486 317 1118 746 1395 1265 993 1064 1068 1167 1267 242 1166 784 475 1358 1117 749 825 594 362 111 736 1246 1457 245 794 4 1238 1169 258 815 398 761 429 1031 459 1173 1312 1192 445 906 1143 222 970 79 615 1378 1226 428 1189 1112 412 510 1275 6 1416 27 16 1001 255 322 175 1221 451 882 637 878 1477 14 1293 115 999 1124 585 193 8 612 1436 909 1175 534 1297 1300 302 400 267 1144 629 89 686 351 469 1288 1324 708 195 1462 543 151 380 1379 807 310 1084 204 347 176 1207 996 649 1065 209 67 279 731 1091 277 1478 713 1333 575 1458 1066 1042 527 788 693 463 1090 657 947 268 80 1004 862 824 632 1326 1371 413 1225 1383 437 605 345 655 136 1171 1417 1304 1387 1442 1276 383 624 1449 1125 1311 496 577 296 298 372 202 140 733 1177 634 688 696 832 1100 644 1076 537 196 304 149 563 112 782 1035 926 1445 1365 596 588 1344 681 426 1121 1325 388 1347 1200 840 556 275 541 416 1229 568 378 339 1335 1131 1195 779 316 1045 1237 1181 74 1156 206 113 320 1367 213 941 406 886 535 386 628 1480 492 306 278 1170 669 1427 540 314 707 1057 1240 123 160 997 289 692 57 718 960 120 821 235 1464 1232 1163 823 1262 326 1083 407 394 150 742 1456 690 477 109 822 200 988 656 1213 1397 126 58 45 82 1085 780 642 1472 938 353 341 207 1218 1224 366 430 226 1414 1162 1022 716 1423 1020 295 265 81 1155 1101 441 710 950 1157 1266 448 741 499 772 526 1259 512 955 391 99 133 542 1396 892 1405 1063 368 1434 250 403 1186 313 153 1394 238 29 1331 625 641 1000 614 165 1046 352 236 1364 1182 599 1002 484 571 1146 1013 890 1437 1176 1116 1287 902 264 163 103 635 552 928 981 303 800 1398 487 438 506 620 130 240 916 943 684 1074 1061 754 504 1183 666 888 1142 191 30 1047 178 521 333 972 272 1373 740 119 762 1216 573 1231 673 734 1441 34 551 188 215 654 334 801 965 259 364 942 1126 709 567 1360 502 219 1149 701 918 592 75 1015 967 1468 1 1321 290 920 1009 1264 834 263 1252 329 932 494 560 550 1206 1282 414 511 1038 90 162 915 861 342 939 1051 564 1466 425 1431 739 858 186 743 1465 860 83 26 639 907 664 270 415 522 125 863 558 1356 897 470 797 205 819 1093 756 172 758 638 1243 597 704 1376 912 344 0 1054 118 152 401 518 1342 1340 648 50 234 95 935 828 724 1372 533 1425 1184 1158 697 1368 309 110 987 767 503 1263 1268 1389 480 52 667 1296 1374 934 618 1476 984 520 1438 482 85 759 623 1025 1209 1244 25 1334 851 127 327 266 47 539 1222 1214 307 
